00111110
10100000
01010000
11100000
00000000
00000000
00000000
00000000
00000000
00000000
00000000
00000000
00000000
00000000
00000000
00000000
00111111
10000000
00000010
11000010
00000000
00000000
00000000
00000000
00000000
00000000
00000000
00000000
00000000
00000000
11111111
10001001
00111110
10100000
01010000
11100000
00000000
00000000
00000000
00000000
00000000
00000000
00000000
00000000
00000000
00000000
00000000
00000000
00111111
10000000
00000010
11000010
00000000
00000000
00000000
00000000
00000000
00000000
00000000
00000000
00000000
00000000
11111111
10001001
11000010
01100000
00111111
01100000
01100000
01100000
01100000
01100000
01100000
01100000
01100000
01100000
01100000
01100000
01100000
01100000
01100000
01100000
01100000
01100000
01100000
01100000
01100000
01100000
01100000
01100000
01100000
01100000
01100000
01100000
01100000
11111111